Time	Distance	Power
0.12	3.66	216.235264
0.17	6.32	242.2548
0.22	8.91	176.247768
0.27	11.57	279.523712
0.32	14.22	294.15568
0.37	16.85	315.07788
0.42	19.5	239.030656
0.47	22.16	234.38032
0.52	24.81	260.12448
0.57	27.5	171.330768
0.62	30.21	229.482224
0.67	32.9	211.600632
0.72	35.55	303.910488
0.77	38.24	252.765872
0.82	40.92	235.753896
0.87	43.61	200.451
0.92	46.36	214.937072
0.969	49.1	222.664656
1.019	51.82	170.11728
1.069	54.57	163.602288
1.119	57.28	165.229304
1.169	60.03	243.488192
1.219	62.78	312.98748
1.269	65.49	288.54864
1.319	68.24	301.323392
1.369	70.98	266.366256
1.419	73.7	269.279808
1.469	76.45	314.142528
1.519	79.22	319.02088
1.569	82	197.070336
1.619	84.78	27.73248
1.669	87.59	-35.70632
1.719	90.36	-28.59296
1.769	93.14	-26.179048
1.819	95.95	-27.535104
1.869	98.7	-38.686896
1.919	101.41	-30.352896
1.969	104.16	-79.20828
2.019	106.9	-194.11288
2.069	109.59	-216.32
2.119	112.28	-277.51416
2.169	114.87	-262.790112
2.219	117.46	-186.02144
2.269	119.97	-170.939672
2.319	122.53	-208.155328
2.369	125	-197.376192
2.419	127.44	-291.123016
2.469	129.82	-330.736208
2.519	132.17	-315.571032
2.569	134.49	-228.145984
2.619	136.72	-267.093288
2.669	138.98	-196.563744
2.719	141.15	-239.29344
2.769	143.31	-310.499296
2.818	145.36	-310.705736
2.868	147.49	-199.439944
2.918	149.45	-176.24136
2.968	151.43	-264.93192
3.018	153.35	-228.00088
3.068	155.25	-208.654248
3.118	157.08	-327.431648
3.168	158.88	-256.28444
3.218	160.62	-193.68116
3.268	162.33	-325.73112
3.318	164.03	-207.999
3.368	165.68	-264.45184
3.418	167.24	-232.91672
3.468	168.83	-210.0492
3.518	170.29	-186.59256
3.568	171.82	-229.336272
3.618	173.34	-189.647104
3.668	174.87	-240.07572
3.718	176.39	-143.59048
3.768	177.92	-118.1408
3.818	179.39	-195.850344
3.868	180.79	-137.79064
3.918	182.19	-167.22816
3.968	183.6	-114.124
4.018	184.97	-128.50776
4.068	186.31	-110.1996
4.118	187.62	-99.6188
4.168	188.94	-75.529872
4.218	190.28	-39.45216
4.268	191.59	-27.523536
4.318	192.9	0.219328
4.368	194.19	11.053344
4.418	195.56	17.860752
4.468	196.87	15.542
4.518	198.15	18.878208
4.568	199.5	27.554208
4.618	200.78	18.293168
4.668	202.06	26.417904
4.717	203.31	34.98056
4.767	204.62	34.322168
4.817	205.94	44.448768
4.867	207.25	49.424256
4.917	208.53	50.450432
4.967	209.87	80.127104
5.017	211.15	91.47064
5.067	212.47	112.3356
5.117	213.78	85.622808
5.167	215.09	88.806528
5.217	216.4	128.450976
5.267	217.78	118.48928
5.317	219.09	99.135784
5.367	220.43	179.526256
5.417	221.77	146.259168
5.467	223.06	165.171888
5.517	224.4	312.659424
5.567	225.77	232.79992
5.617	227.12	301.80276
5.667	228.52	162.332352
5.717	229.89	309.995056
5.767	231.27	300.978744
5.817	232.7	210.833496
5.867	234.07	176.64416
5.917	235.51	187.757856
5.967	236.97	210.262336
6.017	238.44	163.863408
6.067	239.87	240.7824
6.117	241.4	244.316288
6.167	242.8	236.109048
6.217	244.3	240.6972
6.267	245.82	183.96864
6.317	247.35	210.35456
6.367	248.87	190.347216
6.417	250.4	238.625728
6.467	252.02	252.184608
6.517	253.6	285.955536
6.566	255.13	188.858592
6.616	256.66	226.14256
6.666	258.34	293.8936
6.716	259.89	269.766456
6.766	261.54	268.044848
6.816	263.16	260.114176
6.866	264.77	252.003648
6.916	266.45	224.624
6.966	268.1	271.385856
7.016	269.78	214.843944
7.066	271.46	248.739568
7.116	273.11	229.440192
7.166	274.85	319.909392
7.216	276.55	289.165192
7.266	278.23	323.088
7.316	279.97	163.218424
7.366	281.74	271.38048
7.416	283.45	222.982608
7.47	285.25	208.405176
7.526	287.02	237.567288
7.576	288.85	224.617328
7.626	290.62	247.210056
7.676	292.45	214.94396
7.726	294.25	300.555168
7.776	296.06	303.735808
7.826	297.89	277.918976
7.876	299.78	290.96064
7.926	301.61	163.182872
7.976	303.5	166.437288
8.026	305.33	234.36988
8.076	307.16	289.176648
8.126	309.09	255.63384
8.176	310.98	219.783072
8.226	312.87	257.05344
8.276	314.79	244.595968
8.326	316.72	229.658
8.376	318.67	279.421728
8.425	320.62	214.077864
8.475	322.58	246.080304
8.525	324.53	284.236512
8.575	326.48	199.072576
8.625	328.47	259.091504
8.675	330.51	275.122584
8.725	332.49	240.8016
8.775	334.48	261.768872
8.825	336.52	303.70032
8.875	338.51	238.058592
8.925	340.49	294.436752
8.975	342.5	274.560336
9.025	344.55	306.683352
9.075	346.68	188.340984
9.125	348.73	178.285536
9.175	350.74	274.608216
9.225	352.79	249.02672
9.275	354.83	233.27948
9.325	356.97	294.341592
9.375	359.08	209.04416
9.425	361.15	208.77896
9.475	363.26	289.59408
9.525	365.36	302.415296
9.575	367.44	261.6802
9.625	369.6	228.032688
9.675	371.74	194.714168
9.725	373.91	240.9672
9.775	376.04	223.208424
9.825	378.18	258.9846
9.875	380.35	252.585368
9.925	382.48	317.95632
9.975	384.65	195.91248
10.025	386.82	268.713688
10.075	389.04	316.835888
10.125	391.21	268.184632
10.175	393.44	178.342368
10.225	395.64	207.497016
10.275	397.8	307.270104
10.324	400.03	301.873856
10.374	402.29	321.624
10.424	404.52	275.134896
10.474	406.74	189.472128
10.524	409.03	218.409472
10.574	411.23	210.818824
10.624	413.52	320.0318
10.674	415.75	296.99456
10.724	418.01	183.145104
10.774	420.23	278.36392
10.824	422.52	187.909488
10.874	424.81	186.308992
10.924	427.13	270.277056
10.974	429.48	186.552128
11.024	431.74	223.013824
11.074	434.06	265.11144
11.124	436.32	319.473008
11.174	438.64	300.6212
11.224	440.96	292.309472
11.274	443.27	296.85544
11.324	445.65	167.126336
11.374	447.97	321.3024
11.424	450.32	232.986
11.474	452.67	165.488864
11.524	455.02	186.143808
11.574	457.34	170.322496
11.624	459.72	300.491048
11.674	462.1	165.481448
11.724	464.52	165.51688
11.774	466.87	277.680224
11.824	469.28	281.2586
11.874	471.69	170.211408
11.924	474.07	192.91008
11.974	476.45	273.11112
12.024	478.86	234.379056
12.074	481.24	167.16128
12.124	483.65	309.959544
12.173	486.09	165.586096
12.223	488.53	263.477152
12.273	490.97	194.189512
12.323	493.42	216.94716
12.373	495.86	279.49272
12.423	498.3	253.774544
12.473	500.74	314.774432
12.523	503.18	263.542752
12.573	505.62	218.325696
12.623	508.09	228.179232
12.673	510.57	197.56752
12.723	513.07	269.953152
12.773	515.54	284.24076
12.823	518.04	289.296
12.873	520.55	160.5856
12.923	523.02	255.45576
12.973	525.52	287.56708
13.023	527.99	170.336064
13.073	530.5	281.0374
13.123	533	228.214448
13.173	535.47	186.362816
13.223	538	266.678336
13.273	540.51	271.514048
13.323	543.07	253.88704
13.373	545.63	247.460752
13.423	548.13	171.901064
13.473	550.7	274.627368
13.523	553.26	171.989232
13.573	555.76	239.315456
13.623	558.33	245.441376
13.673	560.89	307.037848
13.723	563.36	206.889168
13.773	565.96	206.950056
13.823	568.55	231.291648
13.873	571.15	198.83648
13.923	573.74	197.299872
13.973	576.3	251.924712
14.023	578.9	218.26912
14.072	581.49	269.352384
14.122	584.08	292.163872
14.172	586.65	301.655776
14.222	589.27	163.645536
14.272	591.84	171.59376
14.322	594.46	242.45164
14.372	596.99	245.498904
14.422	599.65	293.530536
14.472	602.3	245.366712
14.522	604.9	248.90272
14.572	607.55	282.063232
14.622	610.18	263.267232
14.672	612.8	290.040192
14.722	615.49	247.638048
14.772	618.05	14.805312
14.822	620.74	-216.37356
14.872	623.3	-224.45592
14.922	625.86	-281.290176
14.972	628.37	-260.273888
15.022	630.81	-81.025008
15.072	633.22	-127.6836
15.122	635.63	-90.973968
15.172	638.07	-108.63776
15.222	640.51	-178.714368
15.272	642.95	-246.58416
15.322	645.3	-246.073816
15.372	647.71	-147.379624
15.422	650.1	-122.966016
15.472	652.48	-67.93592
15.522	654.83	-59.334
15.572	657.21	-43.875936
15.622	659.53	-103.50744
15.672	661.84	-65.798048
15.722	664.13	-128.898624
15.772	666.36	-175.99824
15.822	668.62	-258.2544
15.872	670.85	-288.146688
15.921	673.04	-278.560008
15.971	675.21	-182.7166
16.021	677.41	-164.022528
16.071	679.55	-305.591104
16.121	681.68	-182.962784
16.171	683.76	-205.124072
16.221	685.83	-160.86928
16.271	687.88	-141.077336
16.321	690.01	-203.5376
16.371	692.03	-109.754944
16.421	693.98	-146.52288
16.471	696.03	-155.002056
16.521	697.98	-76.065696
16.571	699.93	-57.63484
16.621	701.92	-32.728536
16.671	703.84	7.888064
16.721	705.79	11.429184
16.771	707.71	24.80256
16.821	709.64	15.435168
16.871	711.53	19.709456
16.921	713.45	-6.856944
16.971	715.34	-23.746304
17.021	717.24	-13.849056
17.071	719.16	-29.873392
17.121	720.99	-75.712896
17.171	722.88	-68.848416
17.221	724.71	-111.658176
17.271	726.54	-141.607584
17.321	728.37	-116.316552
17.371	730.17	-94.92156
17.421	731.91	-122.468928
17.471	733.68	-83.63168
17.521	735.42	-38.28616
17.571	737.19	-52.97504
17.621	738.9	-49.967568
17.671	740.61	-44.0766
17.721	742.32	-39.104304
17.771	744.03	-34.20416
17.82	745.71	-25.053784
17.87	747.39	-30.149184
17.92	749.03	-15.939
17.97	750.68	-19.423328
18.02	752.36	-20.842096
18.07	754.01	-12.47148
18.12	755.63	-16.5536
18.17	757.27	-28.988944
18.22	758.83	-17.073504
18.27	760.51	-22.426992
18.32	762.07	-7.4094
18.37	763.71	12.116312
18.42	765.24	18.45072
18.47	766.86	16.764696
18.52	768.44	27.065424
18.57	769.97	32.850624
18.62	771.5	38.679744
18.67	773.11	41.270864
18.72	774.7	64.072736
18.77	776.23	83.898912
18.82	777.75	70.65984
18.87	779.31	77.385024
18.92	780.96	127.3104
18.97	782.48	114.576384
19.02	784.01	86.003328
19.07	785.56	155.6694
19.12	787.21	103.610608
19.17	788.74	156.501936
19.22	790.26	169.780784
19.27	791.82	142.447264
19.32	793.47	227.948208
19.37	795.09	162.203152
19.42	796.67	188.438656
19.47	798.29	150.065792
19.52	799.88	153.752632
19.57	801.56	279.290424
19.62	803.17	264.276832
19.669	804.85	268.25032
19.719	806.47	226.488864
19.769	808.15	188.231712
19.819	809.8	239.2716
19.869	811.51	256.661048
19.919	813.18	244.060704
19.969	814.92	162.577392
20.019	816.6	264.667744
20.069	818.37	267.887424
20.119	820.08	220.036032
20.169	821.85	231.11376
20.219	823.59	250.398672
20.269	825.36	270.88616
20.319	827.13	277.358784
20.369	828.9	205.532088
20.419	830.73	290.13712
20.469	832.53	186.537312
20.519	834.33	305.856
20.569	836.16	204.422352
20.619	837.93	-72.011088
20.669	839.67	-171.128928
20.719	841.41	-252.676344
20.769	843.06	-179.545728
20.819	844.71	-191.31728
20.869	846.3	-181.6914
20.919	847.94	-149.05308
20.969	849.5	-82.465344
21.019	851.15	-122.330376
21.069	852.67	-120.226192
21.119	854.32	-105.25824
21.169	855.88	-47.597752
21.219	857.4	3.199
21.269	858.93	20.213936
21.319	860.55	21.034752
21.369	862.13	23.396688
21.419	863.66	17.74896
21.469	865.19	21.076096
21.519	866.71	5.474736
21.568	868.24	-8.181888
21.618	869.76	-52.505712
21.668	871.2	-66.64128
21.718	872.66	-52.230208
21.768	874.16	-3.89664
21.818	875.56	16.13472
21.868	877.09	56.917488
21.918	878.52	55.612
21.968	879.99	115.7344
22.018	881.48	105.42448
22.068	882.89	91.723296
22.118	884.41	192.9106
22.168	885.85	219.621888
22.218	887.31	203.4312
22.268	888.84	188.95032
22.318	890.36	193.39776
22.368	891.89	219.951312
22.418	893.42	147.84
22.468	894.94	151.066392
22.518	896.47	301.692384
22.568	897.99	246.698144
22.618	899.52	208.70824
22.668	901.14	167.594752
22.718	902.72	190.811664
22.768	904.28	193.93728
22.818	905.93	179.337816
22.868	907.52	287.623792
22.918	909.13	221.415016
22.968	910.78	187.495904
23.018	912.4	321.52032
23.068	914.08	271.44096
23.118	915.72	213.358464
23.168	917.4	247.210056
23.218	919.08	318.389824
23.268	920.79	229.482224
23.318	922.47	263.350624
23.368	924.21	264.992512
23.417	925.92	310.368768
23.467	927.69	203.559936
23.517	929.49	154.68504
23.567	931.26	162.88008
23.617	933.03	205.537816
23.667	934.8	266.76408
23.717	936.6	293.97368
23.767	938.4	208.475352
23.817	940.2	174.521088
23.867	942	198.735528
23.917	943.83	186.81104
23.967	945.66	306.376224
24.017	947.52	221.558448
24.067	949.39	305.81944
24.117	951.22	204.000608
24.167	953.08	202.288464
24.217	954.97	263.49552
24.267	956.89	223.664344
24.317	958.82	165.623176
24.367	960.71	228.049728
24.417	962.6	292.756464
24.467	964.58	252.56904
24.517	966.51	269.744832
24.567	968.49	316.440312
24.617	970.47	194.66964
24.667	972.49	294.400152
24.717	974.44	234.373216
24.767	976.49	303.585408
24.817	978.47	207.579576
24.867	980.45	256.9984
24.917	982.53	305.14608
24.967	984.6	291.295608
25.017	986.68	297.46816
25.067	988.78	221.516496
25.117	990.92	170.581968
25.167	993.06	225.652
25.217	995.19	299.722104
25.266	997.27	192.46272
25.316	999.37	247.123184
25.366	1001.51	308.473344
25.416	1003.65	237.852576
25.466	1005.81	321.6448
25.516	1007.95	279.939552
25.566	1010.09	248.94364
25.616	1012.31	237.710496
25.666	1014.48	189.855392
25.716	1016.71	188.198712
25.766	1018.88	272.7418
25.816	1021.1	38.24184
25.866	1023.33	-39.767264
25.916	1025.56	-42.051688
25.966	1027.76	-127.675392
26.016	1029.95	-180.815448
26.066	1032.12	-339.547624
26.116	1034.23	-197.123472
26.168	1036.3	-225.247232
26.226	1038.32	-250.40848
26.276	1040.36	-261.143736
26.326	1042.28	-182.243808
26.376	1044.21	-272.134616
26.426	1046.07	-189.716992
26.476	1047.9	-209.325336
26.526	1049.67	-307.931184
26.576	1051.44	-191.632056
26.626	1053.24	-293.88592
26.676	1054.95	-277.0272
26.726	1056.66	-212.96888
26.776	1058.37	-313.64352
26.826	1060.01	-279.136896
26.876	1061.57	-247.90816
26.926	1063.25	-200.74176
26.976	1064.77	-202.497704
27.026	1066.3	-216.89584
27.076	1067.83	-191.814912
27.126	1069.23	-258.840576
27.175	1070.63	-176.820864
27.225	1072.01	-220.68576
27.275	1073.38	-209.573952
27.325	1074.78	-162.051192
27.375	1076.13	-228.2742
27.425	1077.44	-218.574336
27.475	1078.72	-181.847568
27.525	1079.97	-111.6864
27.575	1081.25	-172.299456
27.625	1082.48	-148.801104
27.675	1083.7	-105.251616
27.725	1084.86	-123.410328
27.775	1086.02	-102.9
27.825	1087.21	-94.073832
27.875	1088.36	-85.02804
27.925	1089.49	-88.452672
27.975	1090.59	-72.57328
28.025	1091.75	-44.17932
28.075	1092.85	-70.831488
28.125	1093.92	-64.912224
28.175	1095.02	-54.007136
28.225	1096.06	-39.48864
28.275	1097.15	-34.7324
28.325	1098.19	-19.7512
28.375	1099.32	-31.195968
28.425	1100.33	-35.581952
28.475	1101.34	-39.285368
28.525	1102.37	-32.455512
28.575	1103.38	-45.345528
28.625	1104.39	-40.814664
28.675	1105.42	-45.89568
28.725	1106.37	-32.019632
28.775	1107.35	-47.694336
28.825	1108.35	-38.449152
28.875	1109.27	-33.187968
28.925	1110.31	-28.051776
28.975	1111.22	-45.432576
29.024	1112.14	-29.67368
29.074	1113.08	-45.294912
29.124	1114	-23.3472
29.174	1114.92	-23.207968
29.224	1115.8	-21.217648
29.274	1116.69	-12.640288
29.324	1117.57	-3.77952
29.374	1118.46	14.977024
29.424	1119.34	51.040528
29.474	1120.26	82.19232
29.524	1121.2	89.73612
29.574	1122.12	124.3884
29.624	1123.06	100.31032
29.674	1124.04	116.473888
29.724	1124.96	191.408064
29.774	1125.96	130.448256
29.824	1126.94	142.849248
29.874	1127.92	181.00632
29.924	1129.02	183.55668
29.974	1130.02	158.230864
30.024	1131.06	264.750464
30.074	1132.16	191.514984
30.124	1133.26	250.322688
30.174	1134.39	287.969936
30.224	1135.48	186.890816
30.274	1136.64	262.279248
30.324	1137.83	204.97376
30.374	1138.99	195.93184
30.424	1140.15	250.124816
30.474	1141.37	217.012608
30.524	1142.6	270.366976
30.574	1143.82	317.2736
30.624	1145.07	307.43356
30.674	1146.32	169.186752
30.724	1147.63	255.021312
30.774	1148.94	168.29232
30.824	1150.29	241.2852
30.874	1151.63	191.54716
30.923	1152.97	306.121048
30.973	1154.35	269.359104
31.023	1155.72	187.618392
31.073	1157.09	296.74296
31.123	1158.5	288.43488
31.173	1159.93	283.739496
31.223	1161.36	307.559424
31.273	1162.83	179.456256
31.323	1164.26	296.20424
31.373	1165.79	160.264
31.423	1167.32	297.5628
31.473	1168.84	276.829064
31.523	1170.37	228.701616
31.573	1171.89	235.092984
31.623	1173.42	177.425064
31.673	1175.04	223.8264
31.723	1176.62	162.93888
31.773	1178.27	164.007296
31.823	1179.83	53.901936
31.873	1181.51	-26.90064
31.923	1183.03	-107.39712
31.973	1184.71	-283.336
32.023	1186.24	-220.508288
32.073	1187.61	-132.858
32.123	1189.11	-225.65264
32.173	1190.51	-171.300816
32.223	1191.91	-189.118512
32.273	1193.32	-163.262112
32.323	1194.72	-123.734352
32.373	1196.03	-113.290112
32.423	1197.34	-137.69088
32.473	1198.63	-156.218832
32.523	1199.91	-140.370208
32.573	1201.13	-176.908488
32.623	1202.29	-111.97228
32.673	1203.48	-172.526304
32.723	1204.61	-188.838216
32.772	1205.71	-115.72968
32.822	1206.74	-124.384896
32.872	1207.75	-134.484168
32.922	1208.73	-124.73848
32.972	1209.67	-108.035
33.022	1210.65	-143.33176
33.072	1211.57	-134.330112
33.122	1212.51	-120.135616
33.172	1213.4	-113.07264
33.222	1214.28	-71.692984
33.272	1215.14	-55.61408
33.322	1216.05	-74.317936
33.372	1216.88	-66.108
33.422	1217.7	-45.778304
33.472	1218.55	-50.8896
33.522	1219.35	-36.422064
33.572	1220.11	-43.14708
33.622	1220.97	-34.133056
33.672	1221.7	-40.596768
33.722	1222.49	-47.128576
33.772	1223.22	-32.274216
33.822	1223.96	-42.601032
33.872	1224.69	-45.003456
33.922	1225.42	-24.16176
33.972	1226.15	-37.064456
34.022	1226.83	-32.501472
34.072	1227.5	-19.63968
34.122	1228.17	-19.726392
34.172	1228.87	-14.6248
34.222	1229.54	-22.907264
34.272	1230.21	-13.901536
34.322	1230.82	-11.836608
34.372	1231.46	-11.6466
34.422	1232.1	-10.082688
34.472	1232.72	-10.61016
34.522	1233.39	-12.110928
34.572	1234	-6.496256
34.621	1234.61	-9.383184
34.671	1235.22	-10.66752
34.721	1235.8	-7.41624
34.771	1236.38	-8.508192
34.821	1236.99	-10.398944
34.871	1237.54	-9.06912
34.921	1238.15	-8.36628
34.971	1238.67	-8.004
35.021	1239.22	-4.191072
35.071	1239.8	3.085752
35.121	1240.34	15.266648
35.171	1240.89	26.304432
35.221	1241.47	52.014144
35.271	1242.05	69.290088
35.321	1242.66	73.168616
35.371	1243.34	48.291504
35.421	1243.95	51.94288
35.471	1244.56	78.591184
35.521	1245.23	62.115144
35.571	1245.84	93.310464
35.621	1246.48	83.919624
35.671	1247.18	79.10864
35.721	1247.85	101.539328
35.771	1248.52	86.43024
35.821	1249.2	100.394784
35.871	1249.96	104.667776
35.921	1250.69	121.15048
35.971	1251.39	147.146832
36.021	1252.16	162.188032
36.071	1252.92	128.930512
36.121	1253.68	146.672368
36.171	1254.54	153.196544
36.221	1255.33	164.061648
36.271	1256.15	218.57552
36.321	1257.04	252.10912
36.371	1257.92	172.587
36.421	1258.81	193.308192
36.471	1259.72	158.183424
36.52	1260.64	196.253664
36.57	1261.62	151.53348
36.62	1262.59	171.963568
36.67	1263.6	186.514432
36.72	1264.52	221.90356
36.77	1265.52	201.449496
36.82	1266.65	303.19104
36.87	1267.66	193.117216
36.92	1268.73	187.112128
36.97	1269.79	237.308128
37.02	1270.89	207.44568
37.07	1271.99	170.702664
37.12	1273.12	204.075008
37.17	1274.25	317.478232
37.22	1275.44	301.344624
37.27	1276.6	243.983592
37.32	1277.79	256.31844
37.37	1279.01	146.40084
37.42	1280.23	-28.12536
37.47	1281.45	-66.299
37.52	1282.61	-112.950808
37.57	1283.77	-59.99616
37.62	1284.93	-72.786672
37.67	1286.03	-75.157824
37.72	1287.16	-57.069
37.77	1288.29	-32.330232
37.82	1289.42	-51.080064
37.87	1290.49	-32.67968
37.92	1291.58	-34.446184
37.97	1292.62	-13.812144
38.02	1293.72	-3.952
38.07	1294.79	-20.283696
38.12	1295.86	-29.157552
38.17	1296.86	-58.91824
38.22	1297.87	-43.760992
38.27	1298.94	-36.331808
38.32	1300.01	-26.209792
38.369	1301.05	-25.75356
38.419	1301.96	-15.15976
38.469	1302.97	-24.28064
38.519	1303.94	-16.899008
38.569	1304.89	-24.137904
38.619	1305.93	-18.992232
38.669	1306.84	-13.1264
38.719	1307.76	-13.659984
38.769	1308.67	-18.233352
38.819	1309.62	-20.078176
38.869	1310.54	3.099536
38.919	1311.51	17.893776
38.969	1312.43	55.600864
39.019	1313.44	66.548944
39.069	1314.41	74.035544
39.119	1315.39	135.579648
39.169	1316.4	131.13724
39.219	1317.46	164.736
39.269	1318.53	176.682024
39.319	1319.54	238.381872
39.369	1320.67	190.034888
39.419	1321.71	295.876384
39.469	1322.84	251.773208
39.519	1323.96	152.501112
39.569	1325.09	281.942144
39.619	1326.19	230.974432
39.669	1327.35	187.084968
39.719	1328.54	303.428416
39.769	1329.67	279.834168
39.819	1330.86	242.416872
39.869	1332.02	183.06436
39.919	1333.21	290.225936
39.969	1334.43	189.756448
40.019	1335.65	227.778408
40.069	1336.9	210.37632
40.119	1338.16	189.670768
40.169	1339.44	200.75328
40.219	1340.69	234.156888
40.268	1341.97	229.417344
40.318	1343.31	166.51152
40.368	1344.63	200.981088
40.418	1346	196.704712
40.468	1347.37	251.04024
40.518	1348.78	256.193504
40.568	1350.15	179.934872
40.618	1351.52	244.948704
40.668	1352.93	181.944
40.718	1354.39	34.119984
40.768	1355.76	-27.933696
40.818	1357.17	-74.382232
40.868	1358.6	-97.54416
40.918	1359.98	-128.302272
40.968	1361.35	-177.407776
41.018	1362.66	-156.104376
41.068	1363.94	-223.08448
41.118	1365.19	-114.0258
41.168	1366.41	-173.41056
41.218	1367.64	-153.47216
41.268	1368.83	-104.75664
41.318	1369.99	-140.773472
41.368	1371.18	-99.608352
41.418	1372.3	-84.167136
41.468	1373.46	-87.91176
41.518	1374.56	-55.48512
41.568	1375.69	-69.67296
41.618	1376.73	-35.819264
41.668	1377.83	-39.1104
41.718	1378.9	-19.28264
41.768	1379.96	-6.952
41.818	1381.06	12.095856
41.868	1382.1	20.80716
41.918	1383.2	25.211544
41.968	1384.24	24.173728
42.018	1385.37	42.492952
42.068	1386.4	49.569
42.117	1387.5	48.172368
42.167	1388.57	6.88064
42.217	1389.64	-42.9696
42.267	1390.65	-34.2232
42.317	1391.68	-33.29768
42.367	1392.69	-26.811216
42.417	1393.7	-12.744
42.467	1394.74	6.4656
42.517	1395.74	12.021192
42.567	1396.75	7.94368
42.617	1397.79	8.686
42.667	1398.79	17.428368
42.717	1399.8	11.891968
42.767	1400.75	32.263568
42.817	1401.75	55.948464
42.867	1402.76	85.48584
42.917	1403.83	136.49532
42.967	1404.9	109.384592
43.017	1405.91	177.490768
43.067	1406.94	144.538872
43.117	1407.98	152.86348
43.167	1409.08	138.23524
43.217	1410.15	140.106912
43.267	1411.22	227.659184
43.317	1412.31	140.510016
43.367	1413.44	159.192504
43.417	1414.57	222.61616
43.467	1415.73	225.331008
43.517	1416.86	264.029976
43.567	1418.05	253.59784
43.617	1419.27	182.355712
43.667	1420.49	247.336928
43.717	1421.71	204.933504
43.767	1422.93	274.817088
43.817	1424.22	180.92832
43.867	1425.47	212.561448
43.917	1426.75	291.55128
43.967	1428.03	249.16944
44.016	1429.37	174.34824
44.066	1430.66	311.1304
44.116	1432	165.322416
44.166	1433.4	259.850136
44.216	1434.74	202.079
44.266	1436.12	295.74996
44.316	1437.49	174.508992
44.366	1438.86	321.59992
44.416	1440.21	305.402832
44.466	1441.64	307.03392
44.516	1443.05	201.981
44.566	1444.45	185.85932
44.616	1445.94	192.276392
44.666	1447.35	242.4456
44.716	1448.84	208.666272
44.766	1450.37	216.56008
44.816	1451.9	163.178024
44.866	1453.42	321.56808
44.926	1454.89	237.550824
44.976	1456.32	198.775872
45.026	1458	305.404344
45.076	1459.53	206.851072
45.126	1461.05	176.144
45.176	1462.73	211.681328
45.226	1464.29	316.709344
45.276	1465.93	250.51348
45.326	1467.55	318.4308
45.376	1469.23	193.91904
45.426	1470.88	243.971304
45.476	1472.56	179.34492
45.526	1474.24	210.11744
45.576	1475.97	179.401752
45.626	1477.65	214.91736
45.676	1479.39	318.309448
45.726	1481.13	218.1384
45.776	1482.87	250.49364
45.826	1484.61	248.834432
45.875	1486.38	189.035496
45.925	1488.18	290.69568
45.975	1489.98	300.378848
46.025	1491.81	309.27092
46.075	1493.61	269.974656
46.125	1495.48	289.2672
46.175	1497.31	261.75192
46.225	1499.2	321.6896
46.275	1501.03	263.891744
46.325	1502.95	178.182528
46.375	1504.84	305.1932
46.425	1506.71	278.401288
46.475	1508.63	247.676352
46.525	1510.55	232.84448
46.575	1512.47	200.761
46.625	1514.43	276.738368
46.675	1516.41	318.513888
46.725	1518.33	287.368032
46.775	1520.32	321.2512
46.825	1522.33	299.22936
46.875	1524.35	244.475584
46.925	1526.3	247.186016
46.975	1528.34	311.90544
47.025	1530.39	194.660928
47.075	1532.4	296.97532
47.125	1534.45	218.654272
47.175	1536.49	260.455824
47.225	1538.51	244.518144
47.275	1540.64	208.94952
47.325	1542.72	311.728512
47.375	1544.82	274.775112
47.425	1546.93	210.911048
47.475	1549	249.22388
47.525	1551.14	205.278208
47.575	1553.25	313.40244
47.625	1555.41	300.71844
47.675	1557.58	193.0944
47.724	1559.72	234.5344
47.774	1561.85	292.405568
47.824	1564.02	299.275488
47.874	1566.19	242.60264
47.924	1568.38	162.287608
47.974	1570.58	236.504184
48.024	1572.78	319.668824
48.074	1574.98	179.889024
48.124	1577.23	257.37216
48.174	1579.46	228.316688
48.224	1581.72	250.528512
48.274	1583.98	244.07552
48.324	1586.18	250.70448
48.374	1588.46	160.5248
48.424	1590.69	276.401248
48.474	1592.95	255.32856
48.524	1595.27	176.51392
48.574	1597.53	298.716
48.624	1599.85	279.232416
48.674	1602.11	167.029824
48.724	1604.46	277.598568
48.774	1606.78	220.105296
48.824	1609.09	279.236592
48.874	1611.44	255.387072
48.924	1613.79	277.670536
48.974	1616.11	181.476192
49.024	1618.49	190.986432
49.074	1620.9	310.055272
49.124	1623.29	170.068096
49.174	1625.67	223.227328
49.224	1628.08	199.070592
49.274	1630.46	248.89156
49.324	1632.87	190.986432
49.374	1635.28	313.1778
49.424	1637.72	173.314944
49.474	1640.16	200.707
49.524	1642.6	316.214944
49.574	1645.04	224.78512
49.623	1647.49	308.149248
49.673	1649.93	189.535376
49.723	1652.37	287.34512
49.773	1654.81	276.232
49.823	1657.31	187.80372
49.873	1659.82	253.753056
49.923	1662.29	174.9886
49.973	1664.76	248.95232
50.023	1667.26	253.660784
50.073	1669.76	216.80784
50.123	1672.27	224.79632
50.173	1674.74	261.73888
50.223	1677.24	269.758272
50.273	1679.74	167.04064
50.323	1682.31	239.171224
50.373	1684.87	223.247344
50.423	1687.37	269.715264
50.473	1689.94	197.5626
50.523	1692.5	316.337872
50.573	1695	208.74776
50.623	1697.57	186.275584
50.673	1700.07	237.714048
50.723	1702.6	269.704512
50.773	1705.2	231.28128
50.823	1707.79	181.402968
50.873	1710.38	244.056064
50.923	1712.98	294.009264
50.973	1715.54	310.924576
51.023	1718.17	296.91168
51.073	1720.73	316.16136
51.123	1723.32	168.51072
51.173	1725.89	256.736
51.223	1728.51	303.134832
51.273	1731.17	237.550656
51.323	1733.76	211.80192
51.373	1736.45	218.146176
51.423	1739.04	288.936
51.472	1741.7	303.090984
51.522	1744.35	165.310056
51.572	1746.97	200.547
51.622	1749.63	282.277248
51.672	1752.29	288.7776
51.722	1754.88	253.651936
51.772	1757.53	298.110384
51.822	1760.19	264.66924
51.872	1762.81	312.9594
51.922	1765.53	206.942832
51.972	1768.22	295.04032
52.022	1770.9	248.7254
52.072	1773.62	264.7062
52.122	1776.24	261.440264
52.172	1778.96	198.981312
52.222	1781.64	179.70176
52.272	1784.33	291.976048
52.322	1787.05	271.189568
52.372	1789.76	285.667216
52.422	1792.51	236.039664
52.472	1795.22	315.718504
52.522	1797.97	205.52192
52.572	1800.69	274.33188
52.622	1803.43	205.421568
52.672	1806.15	269.688384
52.722	1808.9	272.68408
52.772	1811.64	295.052096
52.822	1814.36	200.676
52.872	1817.14	263.057312
52.922	1819.91	186.315488
52.972	1822.69	258.367648
53.022	1825.44	308.156928
53.072	1828.24	274.245696
53.122	1831.02	240.7416
53.172	1833.83	272.7276
53.222	1836.61	293.587632
53.272	1839.38	215.036768
53.322	1842.22	256.85248
53.371	1844.97	173.260512
53.421	1847.84	179.734016
53.471	1850.68	258.197632
53.521	1853.51	317.82168
53.571	1856.29	203.812648
53.621	1859.16	195.716304
53.671	1862.03	206.860272
53.721	1864.81	317.79
53.771	1867.7	181.280928
53.821	1870.6	178.118592
53.871	1873.35	272.63512
53.921	1876.31	235.8468
53.971	1879.15	239.000768
54.021	1882.05	232.68788
54.071	1884.95	274.207392
54.121	1887.79	291.99352
54.171	1890.75	206.818992
54.221	1893.49	222.974904
54.271	1896.48	264.46728
54.321	1899.29	311.185312
54.371	1902.22	277.288552
54.421	1905.09	168.36792
54.471	1907.99	238.707536
54.521	1910.89	256.48896
54.571	1913.94	262.722752
54.621	1916.69	319.097296
54.671	1919.74	306.468736
54.721	1922.64	75.633936
54.771	1925.54	-29.435584
54.821	1928.59	-35.908488
54.871	1931.33	-30.000064
54.921	1934.39	-96.340032
54.971	1937.22	-296.0272
55.021	1940.12	-363.655232
55.071	1942.93	-258.286896
55.121	1945.68	-186.426096
55.171	1948.39	-194.433552
55.22	1951.08	-267.088696
55.27	1953.73	-235.040424
55.32	1956.3	-269.144184
55.37	1958.86	-216.867456
55.42	1961.36	-279.09248
55.47	1963.84	-372.455424
55.52	1966.28	-209.7606
55.57	1968.78	-270.68272
55.62	1971.22	-341.055144
55.67	1973.66	-314.641152
55.72	1976.04	-225.899232
55.77	1978.39	-209.32992
55.82	1980.68	-237.022992
55.87	1982.91	-304.301232
55.92	1985.14	-289.151296
55.97	1987.27	-216.75264
56.02	1989.44	-279.548928
56.07	1991.58	-211.567256
56.12	1993.68	-214.14848
56.17	1995.79	-357.347536
56.22	1997.89	-199.226576
56.27	1999.94	-329.380904
56.32	2001.95	-244.8112
56.37	2003.88	-261.4716
56.42	2005.8	-360.200736
56.47	2007.69	-244.87812
56.52	2009.52	-255.63852
56.57	2011.32	-133.931712
56.62	2013.09	-306.3528
56.67	2014.77	-361.66728
56.72	2016.45	-186.666528
56.77	2018.04	-362.518848
56.82	2019.68	-221.8706
56.87	2021.21	-168.4256
56.92	2022.71	-235.835424
56.97	2024.11	-210.587968
57.02	2025.6	-203.725056
57.07	2027.01	-201.84152
57.119	2028.44	-255.03624
57.169	2029.79	-183.857216
57.219	2031.07	-148.485568
57.269	2032.35	-146.442816
57.319	2033.63	-140.479584
57.369	2034.88	-202.463056
57.419	2036.16	-154.753976
57.469	2037.45	-130.61044
57.519	2038.67	-114.44124
57.569	2039.86	-96.92312
57.619	2041.05	-128.307936
57.669	2042.18	-104.524168
57.719	2043.34	-108.38816
57.769	2044.43	-87.120416
57.819	2045.53	-118.981488
57.869	2046.6	-130.86216
57.919	2047.7	-93.20664
57.969	2048.74	-71.710704
58.019	2049.74	-60.82596
58.069	2050.75	-37.508384
58.119	2051.79	-26.880256
58.169	2052.8	-19.374752
58.219	2053.74	-38.03
58.269	2054.72	-51.217576
58.319	2055.66	-45.66744
58.369	2056.58	-39.70208
58.419	2057.53	-28.918152
58.469	2058.44	-12.44124
58.519	2059.36	-16.721472
58.569	2060.24	-29.675184
58.619	2061.16	-40.69848
58.669	2062.01	-40.760064
58.719	2062.84	-60.94492
58.769	2063.63	-78.5248
58.819	2064.45	-71.121024
58.869	2065.16	-93.039232
58.919	2065.92	-103.627104
58.968	2066.65	-68.472656
59.018	2067.35	-70.454384
59.068	2068.09	-62.395848
59.118	2068.76	-67.364608
59.168	2069.43	-58.01376
59.218	2070.07	-23.358456
59.268	2070.68	-16.885824
59.318	2071.35	-19.952928
59.368	2071.96	-13.403664
59.418	2072.6	-13.21408
59.468	2073.24	-7.541928
59.518	2073.82	-11.615232
59.568	2074.4	-9.026872
59.618	2075.01	-9.996352
59.668	2075.56	-10.986624
59.718	2076.17	-7.295808
59.768	2076.75	7.2216
59.818	2077.33	36.604992
59.868	2077.94	67.73368
59.918	2078.55	79.22376
59.968	2079.16	61.510872
60.018	2079.77	76.211136
60.068	2080.45	111.002896
60.118	2081.09	136.604952
60.168	2081.73	140.522424
60.218	2082.37	92.392144
60.268	2083.07	140.278656
60.318	2083.77	211.603864
60.368	2084.44	121.227096
60.418	2085.21	164.23832
60.468	2085.91	183.96544
60.518	2086.67	169.53508
60.568	2087.43	233.377344
60.618	2088.29	217.186464
60.668	2089.02	151.8616
60.718	2089.88	236.131616
60.768	2090.7	200.229232
60.818	2091.52	211.688048
60.867	2092.41	160.72644
60.917	2093.29	293.0244
60.967	2094.21	293.582912
61.017	2095.16	193.511
61.067	2096.13	208.060256
61.117	2097.05	173.65644
61.167	2098.05	173.3872
61.217	2099.09	180.21512
61.267	2100.1	259.435872
61.317	2101.14	224.63168
61.367	2102.24	254.39264
61.417	2103.3	198.755208
61.467	2104.43	185.92556
61.517	2105.56	171.263776
61.567	2106.72	268.263968
61.617	2107.88	192.326848
61.667	2109.1	248.917344
61.717	2110.32	166.32336
61.767	2111.57	267.662256
61.817	2112.83	246.406592
61.867	2114.08	171.564816
61.917	2115.36	226.09328
61.967	2116.67	302.1546
62.017	2117.98	198.826056
62.067	2119.26	256.898208
62.117	2120.64	166.449648
62.167	2121.98	282.765
62.217	2123.38	303.818528
62.267	2124.79	174.53232
62.317	2126.19	239.137216
62.367	2127.6	182.619752
62.417	2129.03	316.768928
62.467	2130.46	189.050472
62.517	2131.99	236.002576
62.567	2133.39	187.583136
62.617	2134.89	245.655104
62.667	2136.42	298.93632
62.716	2137.94	245.578496
62.766	2139.47	164.388096
62.816	2141.08	317.571408
62.866	2142.67	202.037472
62.916	2144.2	233.12288
62.966	2145.82	200.939
63.016	2147.4	268.145888
63.066	2149.02	226.42908
63.116	2150.7	167.151296
63.166	2152.35	233.25976
63.216	2153.99	276.485184
63.266	2155.64	266.501712
63.316	2157.35	310.504576
63.366	2159.03	188.191224
63.416	2160.77	171.707608
63.466	2162.51	227.934992
63.516	2164.25	188.072352
63.566	2166.02	286.006128
63.622	2167.79	232.8816
63.676	2169.53	310.300768
63.726	2171.33	229.962304
63.776	2173.1	210.455168
63.826	2174.93	308.932608
63.876	2176.76	171.912192
63.926	2178.59	303.455376
63.976	2180.48	228.488224
64.026	2182.31	296.89244
64.076	2184.18	194.322128
64.126	2186.07	225.07856
64.176	2187.99	227.980432
64.226	2189.91	279.6876
64.276	2191.81	218.531328
64.326	2193.7	197.406144
64.376	2195.62	163.843008
64.426	2197.57	226.415544
64.476	2199.5	205.584384
64.526	2201.48	242.527744
64.575	2203.43	240.9972
64.625	2205.45	202.307616
64.675	2207.46	244.23968
64.725	2209.48	273.01184
64.775	2211.43	221.620272
64.825	2213.47	258.603352
64.875	2215.52	260.21088
64.925	2217.53	269.842944
64.975	2219.58	281.1354
65.025	2221.71	292.200272
65.075	2223.76	279.579024
65.125	2225.83	226.337712
65.175	2227.91	250.64832
65.225	2230.05	277.905816
65.275	2232.15	231.273216
65.325	2234.26	300.226256
65.375	2236.39	199.199552
65.425	2238.53	245.582136
65.475	2240.7	202.407408
65.525	2242.83	293.833584
65.575	2245	200.755
65.625	2247.17	295.367104
65.675	2249.33	207.175032
65.725	2251.5	255.159384
65.775	2253.73	176.60016
65.825	2255.92	214.940288
65.875	2258.15	316.076256
65.925	2260.38	161.948248
65.975	2262.64	168.614624
66.025	2264.9	115.980648
66.075	2267.12	-67.155192
66.125	2269.38	-184.9088
66.175	2271.58	-362.215456
66.225	2273.72	-311.626448
66.275	2275.82	-307.36832
66.325	2277.87	-335.967384
66.375	2279.91	-189.848488
66.425	2281.9	-223.86144
66.474	2283.85	-329.495776
66.524	2285.8	-267.357816
66.574	2287.69	-244.99176
66.624	2289.62	-124.93296
66.674	2291.54	-178.17396
66.724	2293.4	-159.54944
66.774	2295.29	-208.544256
66.824	2297.12	-203.842744
66.874	2298.92	-234.768384
66.924	2300.72	-221.454288
66.974	2302.53	-203.176
67.024	2304.3	-162.7168
67.074	2306.03	-87.804
67.124	2307.84	-85.5042
67.174	2309.54	-66.91072
67.224	2311.25	-30.09552
67.274	2312.99	-4.839536
67.324	2314.67	8.343648
67.374	2316.41	5.701752
67.424	2318.09	3.592736
67.474	2319.8	8.826944
67.524	2321.54	20.622976
67.574	2323.22	25.670664
67.624	2324.96	26.78112
67.674	2326.63	31.179824
67.724	2328.34	32.082848
67.774	2329.99	23.565744
67.824	2331.67	27.589176
67.874	2333.32	35.577856
67.924	2335	73.005296
67.974	2336.64	73.973088
68.024	2338.29	110.27456
68.074	2339.97	155.421312
68.124	2341.71	130.793432
68.174	2343.39	161.582688
68.224	2345.1	232.449336
68.274	2346.81	263.471216
68.323	2348.55	299.4464
68.373	2350.29	308.509728
68.423	2352.09	190.062992
68.473	2353.8	298.677896
68.523	2355.57	260.224936
68.573	2357.34	263.09712
68.623	2359.14	231.33184
68.673	2360.91	170.732624
68.723	2362.74	255.11808
68.773	2364.54	253.540128
68.823	2366.34	266.319576
68.873	2368.2	194.576336
68.923	2370.06	221.613816
68.973	2371.89	162.678576
69.023	2373.79	159.432
69.073	2375.62	215.28828
69.123	2377.51	197.76016
69.173	2379.34	199.366
69.223	2381.2	306.054144
69.273	2383.12	215.31528
69.323	2385.02	186.58224
69.373	2386.94	208.967008
69.423	2388.83	306.103296
69.473	2390.75	184.990304
69.523	2392.71	277.371312
69.573	2394.66	319.0688
69.623	2396.58	220.045968
69.673	2398.57	259.940664
69.723	2400.52	164.216608
69.773	2402.47	288.62984
69.823	2404.52	272.619144
69.873	2406.5	271.116
69.923	2408.48	213.634592
69.973	2410.53	261.44224
70.023	2412.54	186.58224
70.073	2414.59	216.787264
70.123	2416.63	258.250032
70.173	2418.74	248.78256
70.222	2420.78	256.528384
70.272	2422.89	194.603664
70.322	2424.96	250.240416
70.372	2427.1	259.833736
70.422	2429.18	205.456752
70.472	2431.28	188.100496
70.522	2433.42	251.678832
70.572	2435.55	192.950472
70.622	2437.69	216.692608
70.672	2439.86	299.590784
70.722	2441.99	251.800176
70.772	2444.16	211.973272
70.822	2446.3	307.490688
70.872	2448.49	180.068664
70.922	2450.66	250.016848
70.972	2452.89	304.50748
71.022	2455.05	286.8192
71.072	2457.25	266.052376
71.122	2459.48	159.272
71.172	2461.68	162.507216
71.222	2463.87	178.403456
71.272	2466.07	181.635744
71.322	2468.36	312.075904
71.372	2470.59	200.754288
71.422	2472.85	261.141792
71.472	2475.1	207.02344
71.522	2477.3	254.80192
71.572	2479.59	291.385776
71.622	2481.88	253.195416
71.672	2484.17	167.121296
71.722	2486.46	227.810096
71.772	2488.69	164.945328
71.822	2490.97	202.971024
71.872	2493.29	285.18848
71.922	2495.61	249.957816
71.972	2497.9	304.08728
72.022	2500.19	179.80108
72.071	2502.48	311.713696
72.121	2504.77	310.31208
72.171	2507.06	187.741776
72.221	2509.35	230.4804
72.271	2511.64	208.38956
72.321	2513.92	160.608584
72.371	2516.27	175.955424
72.421	2518.56	140.96784
72.471	2520.94	124.862528
72.521	2523.29	106.912944
72.571	2525.61	158.73888
72.621	2527.96	181.622
72.671	2530.31	106.869504
72.721	2532.63	135.447936
72.771	2535.01	132.06564
72.821	2537.42	181.891712
72.871	2539.8	291.590736
72.921	2542.12	235.169632
72.971	2544.47	179.361736
73.021	2546.88	305.600832
73.071	2549.26	300.27564
73.121	2551.67	225.494864
73.171	2554.06	295.080816
73.221	2556.44	166.47708
73.271	2558.82	285.61536
73.321	2561.23	218.773056
73.371	2563.64	172.13328
73.421	2566.02	130.590088
73.471	2568.43	-8.29608
73.521	2570.78	-60.24512
73.571	2573.16	-158.074704
73.621	2575.51	-209.83752
73.671	2577.8	-261.107568
73.721	2580.09	-285.884072
73.771	2582.31	-323.570688
73.821	2584.51	-252.777096
73.871	2586.68	-331.99296
73.921	2588.88	-329.878144
73.97	2591.01	-236.189096
74.02	2593.12	-160.991472
74.07	2595.16	-211.2712
74.12	2597.18	-259.631984
74.17	2599.16	-368.340128
74.22	2601.08	-283.10824
74.27	2603.04	-311.098128
74.32	2604.96	-199.619472
74.37	2606.82	-178.460424
74.42	2608.59	-241.11608
74.47	2610.39	-171.782144
74.52	2612.16	-123.0984
74.57	2613.93	-151.963648
74.62	2615.64	-209.33744
74.67	2617.44	-130.117624
74.72	2619.15	-130.862528
74.77	2620.83	-86.744472
74.82	2622.51	-154.457424
74.87	2624.16	-117.264
74.92	2625.8	-24.471976
74.97	2627.45	-5.056776
75.02	2629.13	-2.86936
75.07	2630.81	-7.161248
75.12	2632.46	-34.56648
75.17	2634.1	-100.602696
75.22	2635.69	-127.373792
75.27	2637.22	-148.42896
75.32	2638.8	-81.0424
75.37	2640.42	-66.413576
75.42	2641.95	-85.576096
75.47	2643.47	-50.24316
75.52	2645	-35.316576
75.57	2646.52	-35.347896
75.62	2648.05	-34.20576
75.67	2649.58	-35.018368
75.72	2651.04	-39.798672
75.77	2652.48	-34.595264
75.819	2654	-3.72936
75.869	2655.37	21.63976
75.919	2656.9	29.870632
75.969	2658.43	29.419744
76.019	2659.86	17.86904
76.069	2661.33	-25.62556
76.119	2662.79	-69.842736
76.169	2664.23	-91.48576
76.219	2665.6	-122.877568
76.269	2667	-139.4372
76.319	2668.38	-71.601728
76.369	2669.69	-79.16384
76.419	2671	-52.903488
76.469	2672.37	-14.530688
76.519	2673.72	-5.242272
76.569	2675.03	-0.10904
76.619	2676.4	17.458464
76.669	2677.74	38.840832
76.719	2679.12	38.959032
76.769	2680.46	33.829184
76.819	2681.86	53.36008
76.869	2683.21	133.09488
76.919	2684.61	168.53408
76.969	2685.95	190.3576
77.019	2687.36	182.807968
77.069	2688.79	219.75912
77.119	2690.17	213.52352
77.169	2691.69	159.34228
77.219	2693.1	110.171712
77.269	2694.5	111.79792
77.319	2695.93	164.718848
77.369	2697.34	280.37796
77.419	2698.8	188.662176
77.469	2700.24	216.37584
77.519	2701.7	286.17416
77.569	2703.14	201.814
77.619	2704.66	280.009496
77.668	2706.03	321.577632
77.718	2707.56	221.335008
77.768	2709.09	218.20104
77.818	2710.61	198.72372
77.868	2712.14	298.96296
77.918	2713.79	246.774312
77.968	2715.34	230.891904
78.018	2716.87	285.382416
78.068	2718.39	226.196712
78.118	2719.98	183.04752
78.168	2721.6	307.869696
78.218	2723.25	253.535648
78.268	2724.8	206.916
78.318	2726.45	226.291464
78.368	2728.13	226.246344
78.418	2729.75	211.799808
78.468	2731.46	256.52992
78.518	2733.13	253.582416
78.568	2734.84	271.039496
78.618	2736.58	231.003648
78.668	2738.26	272.5644
78.718	2740	298.318704
78.768	2741.74	312.71448
78.818	2743.51	277.468472
78.868	2745.28	221.132304
78.918	2747.05	184.35696
78.968	2748.85	293.316792
79.018	2750.68	227.602144
79.068	2752.48	317.192832
79.118	2754.28	184.2852
79.168	2756.12	177.753624
79.218	2757.98	317.276784
79.268	2759.84	307.408896
79.318	2761.7	217.761024
79.368	2763.56	212.924488
79.418	2765.48	219.285488
79.468	2767.38	184.06808
79.518	2769.27	312.0468
79.567	2771.16	169.560992
79.617	2773.08	223.98096
79.667	2775.01	246.257088
79.717	2776.96	172.73952
79.767	2778.94	230.237568
79.817	2780.87	295.77208
79.867	2782.85	217.364992
79.917	2784.8	262.2032
79.967	2786.82	260.370984
80.017	2788.83	222.053056
80.067	2790.84	150.3144
80.117	2792.8	-0.494592
80.167	2794.84	-45.526384
80.217	2796.86	-97.257408
80.267	2798.81	-234.880128
80.317	2800.76	-313.743312
80.367	2802.62	-235.18728
80.417	2804.46	-288.621864
80.467	2806.29	-262.254192
80.517	2808.06	-177.150832
80.567	2809.8	-158.549736
80.617	2811.54	-177.979832
80.667	2813.28	-216.20516
80.717	2814.98	-265.640992
80.767	2816.66	-285.192416
80.817	2818.25	-176.66792
80.867	2819.87	-170.35488
80.917	2821.39	-263.919488
80.967	2822.83	-173.05
81.017	2824.29	-266.843808
81.067	2825.73	-162.511104
81.117	2827.16	-282.7536
81.167	2828.53	-157.099536
81.217	2829.88	-139.312728
81.267	2831.13	-175.745296
81.317	2832.38	-205.400544
81.367	2833.6	-152.233304
81.416	2834.82	-124.26256
81.466	2836.01	-182.382136
81.516	2837.17	-156.772728
81.566	2838.3	-139.935024
81.616	2839.4	-130.934048
81.666	2840.47	-155.07744
81.716	2841.6	-118.713312
81.766	2842.6	-120.6074
81.816	2843.61	-136.07256
81.866	2844.65	-96.391808
81.916	2845.65	-86.181552
81.966	2846.57	-63.7546
82.016	2847.49	-96.111616
82.066	2848.43	-53.470048
82.116	2849.35	-77.775376
82.166	2850.26	-75.620352
82.216	2851.12	-43.231888
82.266	2851.97	-41.70776
82.322	2852.8	-59.358096
82.376	2853.62	-38.098112
82.426	2854.41	-40.344
82.476	2855.21	-36.03464
82.526	2856.03	-19.053696
82.576	2856.79	-6.155136
82.626	2857.56	-0.822272
82.676	2858.32	-5.184192
82.726	2859.14	-11.286912
82.776	2859.85	-24.071376
82.826	2860.61	-21.731424
82.876	2861.31	-22.25124
82.926	2862.04	-23.029824
82.976	2862.71	-23.000304
83.026	2863.42	-14.296
83.076	2864.09	-12.36768
83.126	2864.76	-3.1808
83.176	2865.46	20.940832
83.226	2866.19	45.84576
83.276	2866.87	49.348256
83.325	2867.63	92.1186
83.375	2868.36	98.339968
83.425	2869.06	115.593296
83.475	2869.86	71.66496
83.525	2870.53	65.88396
83.575	2871.38	90.38936
83.625	2872.11	71.8614
83.675	2872.91	102.41352
83.725	2873.64	109.87984
83.775	2874.49	92.41044
83.825	2875.26	136.077184
83.875	2876.05	149.942448
83.925	2876.91	121.84416
83.975	2877.73	129.70232
84.025	2878.58	156.381024
84.075	2879.5	196.6116
84.125	2880.38	189.32288
84.175	2881.3	218.81784
84.225	2882.25	185.00248
84.275	2883.19	271.07136
84.325	2884.17	238.812912
84.375	2885.11	243.35908
84.425	2886.15	245.9688
84.475	2887.07	182.6384
84.525	2888.17	316.060272
84.575	2889.2	307.345552
84.625	2890.21	191.99316
84.675	2891.31	205.173248
84.725	2892.41	233.30076
84.775	2893.57	270.619776
84.825	2894.67	211.765168
84.875	2895.77	213.372192
84.925	2896.93	174.495168
84.975	2898.12	166.432344
85.025	2899.28	247.256568
85.075	2900.43	179.399088
85.125	2901.66	313.400016
85.174	2902.88	172.983048
85.224	2904.13	287.528384
85.274	2905.38	166.45624
85.324	2906.66	185.85104
85.374	2907.97	287.63376
85.424	2909.32	161.5912
85.474	2910.6	214.93332
85.524	2911.94	282.7804
85.574	2913.31	177.74416
85.624	2914.69	275.403648
85.674	2916.06	84.261408
85.724	2917.46	-32.79288
85.774	2918.78	-80.931576
85.824	2920.12	-110.94824
85.874	2921.43	-127.512
85.924	2922.68	-160.850144
85.974	2923.93	-125.64072
86.024	2925.15	-106.084056
86.074	2926.28	-84.94992
86.124	2927.44	-79.369232
86.174	2928.57	-59.527952
86.224	2929.7	-81.102496
86.274	2930.8	-66.462792
86.324	2931.96	-54.028896
86.374	2933.03	-32.004984
86.424	2934.16	-46.79696
86.474	2935.19	-62.368192
86.524	2936.29	-37.66956
86.574	2937.36	-26.384576
86.624	2938.43	-14.231072
86.674	2939.44	-8.206272
86.724	2940.47	-13.41704
86.774	2941.48	-14.433328
86.824	2942.52	-6.78408
86.874	2943.62	12.730368
86.924	2944.63	20.045136
86.974	2945.66	19.44576
87.023	2946.67	20.03008
87.073	2947.68	28.226016
87.123	2948.71	28.739328
87.173	2949.72	24.202368
87.223	2950.73	28.619544
87.273	2951.77	35.02968
87.323	2952.77	41.006232
87.373	2953.78	64.311568
87.423	2954.82	70.46004
87.473	2955.92	71.686784
87.523	2956.95	106.858272
87.573	2958.05	136.08008
87.623	2959.12	137.721584
87.673	2960.22	162.476824
87.723	2961.35	139.54116
87.773	2962.48	110.592216
87.823	2963.61	135.982384
87.873	2964.71	104.927872
87.923	2965.87	142.92624
87.973	2967.03	209.961648
88.023	2968.18	168.376992
88.073	2969.34	258.11576
88.123	2970.5	308.455392
88.173	2971.73	270.506464
88.223	2972.95	286.54848
88.273	2974.17	238.0752
88.323	2975.39	177.23376
88.373	2976.61	318.717632
88.423	2977.86	169.7388
88.473	2979.11	290.74464
88.523	2980.42	218.18376
88.573	2981.7	271.8368
88.623	2983.05	195.442104
88.673	2984.39	312.156176
88.723	2985.79	167.80932
88.773	2987.14	239.715008
88.823	2988.51	271.517568
88.873	2989.91	297.22624
88.922	2991.38	264.97808
88.972	2992.75	274.788
89.022	2994.28	297.47648
89.072	2995.71	271.645248
89.122	2997.18	248.828272
89.172	2998.7	193.9344
89.222	3000.23	311.884912
89.272	3001.75	171.26208
89.322	3003.28	256.936368
89.372	3004.9	192.288768
89.422	3006.49	266.739
89.472	3008.01	290.3832
89.522	3009.6	231.4368
89.572	3011.22	259.949088
89.622	3012.86	221.73288
89.672	3014.51	218.745664
89.722	3016.19	312.198768
89.772	3017.81	170.211408
89.822	3019.52	237.67616
89.872	3021.23	171.95328
89.922	3022.93	218.772864
89.972	3024.64	321.7488
90.022	3026.35	207.150264
90.072	3028.12	292.654544
90.122	3029.89	313.76124
90.172	3031.69	211.950816
90.222	3033.49	228.081536
90.272	3035.23	164.095152
90.322	3037.03	271.877736
90.372	3038.83	170.21056
90.422	3040.67	221.625792
90.472	3042.5	225.176
90.522	3044.39	223.661008
90.572	3046.22	266.585376
90.622	3048.11	285.84664
90.672	3049.97	222.027648
90.722	3051.87	186.618944
90.771	3053.76	176.60456
90.821	3055.71	266.561472
90.871	3057.6	278.406824
90.921	3059.53	265.43484
90.971	3061.51	295.431872
91.021	3063.43	165.394928
91.071	3065.45	222.00336
91.121	3067.4	242.986784
91.171	3069.41	263.327584
91.221	3071.37	223.208424
91.271	3073.38	268.334264
91.321	3075.39	220.343128
91.371	3077.44	217.22796
91.421	3079.48	191.077824
91.471	3081.5	258.596912
91.521	3083.63	188.247384
91.571	3085.68	192.99168
91.621	3087.72	192.67584
91.671	3089.86	183.345744
91.721	3091.94	318.596256
91.771	3094.04	282.584192
91.821	3096.15	300.333968
91.871	3098.25	318.491712
91.921	3100.39	246.148848
91.971	3102.53	311.601248
92.021	3104.66	289.03968
92.071	3106.86	302.43184
92.121	3109.06	316.950936
92.171	3111.25	216.75168
92.221	3113.45	199.19856
92.271	3115.65	223.305168
92.321	3117.85	268.618832
92.371	3120.04	189.788368
92.421	3122.3	250.539744
92.471	3124.53	244.43424
92.521	3126.76	271.919648
92.571	3129.02	247.34248
92.621	3131.27	292.238128
92.67	3133.5	275.088384
92.72	3135.82	226.859976
92.77	3138.08	308.249088
92.82	3140.4	173.453184
92.87	3142.66	313.78932
92.92	3145.01	310.08924
92.97	3147.36	314.725824
93.02	3149.68	284.760432
93.07	3152.06	184.97244
93.12	3154.38	163.806288
93.17	3156.69	207.459864
93.22	3159.08	255.83736
93.27	3161.43	321.2336
93.32	3163.74	231.274368
93.37	3166.09	313.69104
93.42	3168.44	162.450016
93.47	3170.76	239.316648
93.52	3173.21	319.656088
93.57	3175.65	294.353304
93.62	3178.09	270.33888
93.67	3180.53	211.959264
93.72	3182.97	303.4206
93.77	3185.41	223.655448
93.82	3187.85	280.043952
93.87	3190.3	255.243336
93.92	3192.74	316.276408
93.97	3195.18	173.59488
94.02	3197.62	302.350624
94.07	3200.06	199.526912
94.12	3202.5	162.176104
94.17	3204.94	200.742
94.22	3207.42	263.885184
94.27	3209.92	189.8148
94.32	3212.48	248.93372
94.37	3215.05	289.10736
94.42	3217.55	199.444576
94.47	3220.11	209.15856
94.519	3222.67	218.427968
94.569	3225.18	298.68624
94.619	3227.68	308.940288
94.669	3230.24	230.147632
94.719	3232.78	263.104544
94.769	3235.31	184.79488
94.819	3237.87	178.291752
94.869	3240.41	176.70664
94.919	3242.94	265.65924
94.969	3245.5	166.981568
95.019	3248.07	301.821216
95.069	3250.72	209.17416
95.119	3253.35	210.46984
95.169	3255.97	305.25552
0	3258.66	164.02416
